19/08/2022_16:35:35;Test# 0 - SCAN ;Opérateur = FLAMENT;PN = 00077571;SN = 050666;Version = A
19/08/2022_16:35:50;Test# 1 ;CMOD#1=C88SZEN42_SW_V1.0.177995;CMOD#2=C88SZEN42_SW_V1.0.177995;PDU=PWBX_SW_APP_V0009.04.00B;BMS=UEGB_SW_APP_V160036.0011_01;Test: PASS;
19/08/2022_16:36:09;Test# 2 - Calibre BMS;Calibre BMS = PASS;
19/08/2022_16:36:17;Test# 3 - Calibre PDU;Calibre PDU = PASS;
19/08/2022_16:40:05;Test# 4 - DTC;DTC; PASS;
19/08/2022_16:40:10;Test# 5 - Data Park; Ucellmax = 3564mV; Ucellmin = 3555mV; Temp max = 25C°; Temp min = 24C°; SOH = 100%;SOC = 24%; Vbatt = 631V; Ibatt =  0A; State rq = PARK; Batt state = ; Op sys =NORMAL;
19/08/2022_16:40:41;Test# 6 - DTC Mode Op;DTC Mode Opérationnel = PASS;
19/08/2022_16:40:44;Test# 7 - Tension Batt;Tension Batt (mode drive) = 626.71V;Test = PASS;
19/08/2022_16:40:59;mesures= 0.0000;0.0000;0.0000;0.0000;0.0000;0.0000;0.0000;0.0000;0.0000;0.0000;0.0000;0.0000;0.0000;0.0000;0.0000;0.0000;0.0000;0.0000;0.0000;0.0000;0.0000;0.0000;0.0000;0.0000;0.0000;0.0000;0.0000;0.0000;0.0000;0.0000;0.0000;0.0000;0.0000;0.0000;0.0000;0.0000;0.0000;0.0000;0.0000;0.0000;0.0000;0.0000;0.0000;0.0000;0.0000;0.0000;0.0000;0.0001;0.0001;0.0004;0.0004;118.1807;162.4673;186.0603;232.2430;250.5923;295.4207;311.2450;348.5219;361.5964;392.8654;403.5672;429.3106;438.4918;460.7945;468.8853;486.3145;492.7219;508.1756;513.5960;526.4636;530.9731;541.7675;545.7439;554.8671;557.9709;565.3700;568.1962;574.3783;576.7699;581.9791;583.8543;588.3029;589.9770;593.6238;594.9342;626.4071;626.6602;626.6764;626.6768;626.6785;626.6787;626.6797;626.6792;626.6803;626.6805;626.6812;626.6811;626.6813;626.6816;626.6812;626.6821;626.6818;626.6824;626.6819;626.6827;626.6821;626.6831;626.6831;626.6830;626.6825;626.6833;626.6829;626.6832;626.6837;626.6843;626.6838;626.6843;626.6839;626.6842;626.6840;626.6836;626.6844;626.6845;626.6843;626.6847;626.6841;626.6855;626.6842;626.6845;626.6847;626.6852;626.6846;626.6852;626.6843;626.6855;626.6847;626.6851;626.6854;626.6856;626.6846;626.6853;626.6845;626.6856;626.6851;626.6853;626.6853;626.6861;626.6842;626.6857;626.6852;626.6860;626.6859;626.6858;626.6861;626.6865;626.6857;626.6861;626.6859;626.6863;626.6859;626.6855;626.6865;626.6864;626.6860;626.6860;626.6864;626.6863;626.6857;626.6854;626.6862;626.6870;626.6863;626.6869;626.6864;626.6869;626.6864;626.6845;626.6861;626.6867;626.6865;626.6870;626.6869;626.6870;626.6860;626.6845;626.6868;626.6868;626.6869;626.6873;626.6870;626.6867;626.6866;626.6849;626.6870;626.6868;626.6868;626.6874;626.6867;626.6870;
19/08/2022_16:41:00;_20220819_164059;Résistance fusible = 0.000000;test = PASS;
19/08/2022_16:43:35;Test# 8 - DCIR;T0 =621.823V et à T60 = 617.401V; Ri = 0.221
19/08/2022_16:43:35;mesures= 621.823301;621.677591;621.595284;621.523502;621.485654;621.443648;621.395106;621.358787;621.333113;621.302646;621.272056;621.243500;621.213366;621.185876;621.157446;621.130740;621.104563;621.079143;621.052977;621.027183;621.001950;620.977816;620.954038;620.930191;620.906567;620.883377;620.860349;620.836698;620.815172;620.792257;620.770647;620.748687;620.727339;620.705843;620.684285;620.663478;620.647098;620.626447;620.605778;620.585888;620.565822;620.546131;620.526057;620.506549;620.486234;620.467282;620.447548;620.428628;620.409410;620.390516;620.371553;620.350169;620.333576;620.315393;620.294901;620.275807;620.257186;620.238859;620.221039;620.202946;620.184979;620.166790;620.148247;620.134356;620.116942;620.098990;620.082166;620.064725;620.047645;620.030523;620.013638;619.996062;619.978807;619.961403;619.945555;619.927963;619.912761;619.895425;619.879422;619.862560;619.846053;619.830024;619.813314;619.797021;619.781522;619.765425;619.749729;619.733888;619.718082;619.702549;619.686328;619.670825;619.654601;619.639132;619.624169;619.608928;619.593921;619.578179;619.566508;619.550660;619.536446;619.521046;619.506983;619.491831;619.477042;619.462349;619.447744;619.429240;619.418153;619.403364;619.388901;619.374922;619.360652;619.346049;619.332128;619.317884;619.303673;619.289348;619.275253;619.261088;619.247209;619.233774;619.220182;619.206231;619.192764;619.178908;619.165117;619.151233;619.137822;619.124096;619.109789;619.096920;619.087834;619.074931;619.061809;619.048145;619.035709;619.022877;619.009745;618.996637;618.984124;618.971250;618.958704;618.946032;618.933052;618.919875;618.907141;618.894926;618.882753;618.869693;618.858070;618.845678;618.833383;618.821211;618.808852;618.795532;618.784424;618.771665;618.760719;618.748835;618.736080;618.727633;618.716150;618.704923;618.692935;618.681367;618.669866;618.658551;618.647622;618.636365;618.625197;618.613944;618.602314;618.590953;618.579999;618.568622;618.557291;618.546474;618.535572;618.524294;618.513502;618.502663;618.491130;618.480414;618.469983;618.458571;618.447380;618.437285;618.426884;618.416395;618.406483;618.395942;618.388183;618.377879;618.367370;618.357191;618.346815;618.336648;618.326631;618.316186;618.306086;618.295319;618.285246;618.275288;618.264490;618.254516;618.244188;618.234423;618.224451;618.214640;618.203573;618.193498;618.183301;618.174078;618.164478;618.155101;618.144891;618.135210;618.124453;618.115124;618.104643;618.095305;618.086001;618.077035;618.069954;618.060588;618.050883;618.041244;618.031856;618.022067;618.012504;618.003084;617.993631;617.984688;617.975161;617.965995;617.956712;617.947404;617.938238;617.928716;617.919815;617.911018;617.901843;617.892076;617.883211;617.874220;617.865083;617.855768;617.846919;617.837919;617.829067;617.820898;617.811714;617.802128;617.793717;617.783537;617.774534;617.765786;617.758881;617.749493;617.740995;617.732357;617.723474;617.714427;617.705980;617.696936;617.686712;617.679957;617.670127;617.661529;617.652252;617.644019;617.636001;617.625891;617.618335;617.608676;617.601599;617.591937;617.583382;617.575128;617.566306;617.559735;617.551180;617.543079;617.534839;617.525990;617.517795;617.509596;617.500049;617.492077;617.484560;617.476037;617.468143;617.459147;617.450952;617.442725;617.435093;617.426541;617.418541;617.409935;617.401089;
19/08/2022_16:43:57;Test# 9 - OCV final; Vfinal = 624.909
